
TRAME 2GHz, -20dB, ON :

19 03 04 05 06 07 08 ff 00 00 00 00 00 00 32 00
11 80 00 80 42 6e 00 18 b3 04 00 e8 fc 00 92 63
05 00 40 00 00 00 00 00 00 00 00 00 00 00 00 00
00 00 00 00 00 00 00 00 00 00 00 00 00 00 00 00

TRAME 2GHz, -30dB, ON :

19 03 04 05 06 07 08 ff 00 00 00 00 00 00 64 00
11 80 00 80 42 6e 00 19 b3 04 00 e8 fc 04 99 61
05 00 40 00 00 00 00 00 00 00 00 00 00 00 00 00
00 00 00 00 00 00 00 00 00 00 00 00 00 00 00 00


TRAME 1GHz, -30dB, ON :

19 03 04 05 06 07 08 ff 00 00 00 00 00 00 32 00
11 80 00 80 42 6e 00 18 b3 84 00 e8 fc 00 a2 63
05 00 40 00 00 00 00 00 00 00 00 00 00 00 00 00
00 00 00 00 00 00 00 00 00 00 00 00 00 00 00 00

TRAME OFF :

18 03 04 05 06 07 08 0b 09 0a 0d 01 ff 00 00 00
00 00 00 00 00 00 00 00 00 00 00 00 00 00 00 00
00 00 00 00 00 00 00 00 00 00 00 00 00 00 00 00
00 00 00 00 00 00 00 00 00 00 00 00 00 00 00 00

TRAME 500MHz, -10dB, ON :

19 03 04 05 06 07 08 ff 00 00 00 00 00 00 32 00
11 80 00 80 42 6e 00 18 b3 04 00 e8 fc 00 b2 63
05 00 40 00 00 00 00 00 00 00 00 00 00 00 00 00
00 00 00 00 00 00 00 00 00 00 00 00 00 00 00 00

TRAME 23.5MHz, -60dB, ON :

19 03 04 05 06 07 08 ff 00 00 00 00 08 80 25 00
29 80 00 80 42 6e 00 18 b3 04 00 e8 fc 00 f2 63
05 00 40 00 00 00 00 00 00 00 00 00 00 00 00 00
00 00 00 00 00 00 00 00 00 00 00 00 00 00 00 00


